2.807011  1.093816  1.453792  -0.763964  1.371125  1.049764  0.974048  2.044798  0.374799  0.431985  1.386908  2.174149  1.970139  -0.599731  2.395171  -0.180497  1.822827  1.754949  1.675671  -0.276224  1.417442  1.289325  1.379717  -0.857281  1.811927  -0.552071  2.120256  0.145714  2.873243  2.471186  0.484321  -1.091540  0.482560  2.576332  -0.286445  
-0.549363  -0.923486  -1.070968  0.191967  -0.542638  -0.606737  1.197902  0.974074  0.651508  1.269427  0.553788  1.363500  0.828344  0.885698  -0.903379  -0.892157  0.929873  1.039374  -0.877164  1.500932  -0.091021  -0.618788  0.791914  -0.125630  -1.058502  -0.867737  -1.029129  0.746029  -0.816250  -0.605166  1.368123  1.571061  0.769240  -1.007919  -0.870754  
-0.966545  -0.564273  -0.866849  -0.413904  -0.756592  -1.057302  -0.172889  -0.735135  -0.324787  -0.580908  -0.426856  -1.025174  -0.660630  0.129159  -0.845154  -0.440669  -0.610390  -0.982528  -0.877164  -0.564882  -0.256059  -0.934028  -0.160548  1.242423  -0.884721  -0.567351  -0.806135  -0.268353  -0.933047  -1.039420  0.477470  0.099001  -0.227644  -1.007919  -0.456302  
0.959619  1.473746  1.833541  0.650925  1.382944  1.320572  0.968598  1.129075  1.328282  0.920182  1.324729  0.976103  0.902088  1.482354  1.427343  1.241515  1.168464  1.042670  0.164495  0.942694  1.122048  1.398507  1.060179  0.705879  1.394690  0.778955  1.453732  1.613288  0.840972  1.502207  0.543160  1.194070  1.624408  1.398796  1.756240  
1.314311  0.126402  0.333671  -1.161542  0.563400  0.547226  -0.073957  0.458665  -0.974524  -0.820236  0.687493  -0.084294  0.588882  -0.632989  0.473317  -1.040329  0.697506  0.527307  0.115320  -0.178760  0.078800  0.258245  0.553594  -1.130353  1.385778  -0.651395  1.428727  -1.109121  1.150701  1.099061  -1.104751  -1.161308  -1.010533  1.212712  -1.120145  
-0.966545  -0.430203  -0.974177  0.093364  -0.998665  -0.906853  -0.382490  -0.843930  0.181315  -0.239959  -0.724747  -0.970774  -1.045924  -0.129699  -0.903379  -0.772312  -0.772632  -0.982528  -0.836113  -0.241800  -0.838476  -0.737896  -0.967802  -0.684066  -1.019209  -0.749513  -0.988957  0.175872  -0.872053  -0.800643  -0.079088  -0.140087  0.025739  -1.007919  -0.025064  
-0.966545  -1.065374  -1.070968  -1.192825  -1.213026  -1.057302  -1.337432  -1.108145  -0.598961  -1.249534  -1.216491  -1.187139  -1.122568  -1.101418  -0.934863  -1.040329  -1.161847  -1.162142  -0.877164  -1.269523  -1.151410  -1.160333  -1.203662  -1.130353  -1.058502  -0.616410  -1.029129  -0.933876  -0.933047  -1.039420  -1.284896  0.526583  -0.789635  -1.007919  0.187157  
-0.753553  0.378516  -0.362209  -0.630117  0.985601  -0.606737  -0.350631  -0.578454  0.511675  -0.526157  -0.671915  -0.018354  -0.606358  0.396833  -0.903379  -0.772312  -0.649394  -0.545438  0.831568  -0.381982  -0.079062  -1.036064  -0.739736  -1.130353  -0.321653  0.104193  -0.563464  -0.030346  -0.872053  -0.559344  -0.357166  0.333192  0.288462  -0.909756  0.061263  
-0.966545  -0.871891  -1.070968  -0.398065  -0.453389  -1.002593  0.637009  -0.919960  1.049461  -0.740184  -0.847886  -0.520734  -0.496570  1.105687  -0.903379  -1.040329  -0.713710  -0.570979  -0.877164  1.263287  0.809113  -1.036064  -0.739736  -1.074279  -0.800868  0.700541  -1.008633  0.905380  -0.872053  -0.992337  -1.104751  0.164688  0.731070  -1.007919  -0.286445  
1.153688  1.229841  1.663766  0.759427  1.073220  1.590599  0.827746  1.228209  0.463515  0.602045  1.017897  0.606427  1.122907  0.646875  1.764617  0.768238  0.975932  1.079334  0.720817  0.384455  1.260775  1.437813  0.860006  0.989705  1.497581  0.689684  1.567689  0.750920  1.277880  1.880130  0.547594  0.278112  0.732694  1.564394  0.755880  
