-0.966545  -1.021205  -1.070968  -1.192825  -1.213026  -1.057302  -1.357554  -1.108145  -1.269820  -1.275250  -1.003537  -1.187139  -1.122568  -1.214819  -0.934863  -1.040329  -1.138611  -1.162142  -0.877164  -1.269523  -1.151410  -1.160333  -1.203662  -1.130353  -1.079161  -0.983548  -1.029129  -1.277030  -0.933047  -1.039420  -1.284896  -1.161308  -1.257013  -1.007919  -1.120145  
0.697340  0.633366  0.891000  0.545590  0.665282  0.917682  0.396387  0.665753  0.451264  0.580891  0.682617  0.819083  0.810943  0.406450  0.800671  0.544237  0.756428  0.732052  0.156798  0.547448  0.875288  0.763264  0.739820  0.858354  0.847421  0.559798  0.835579  0.517396  0.403632  0.739214  0.367448  0.547391  0.433426  0.746221  0.650368  
1.512781  1.652767  1.745336  1.069491  1.584671  1.764885  1.021837  1.250892  1.654840  1.109321  1.554345  1.061825  1.508615  1.183024  1.018475  1.332162  1.424068  1.372650  1.139875  0.653206  1.495974  1.365951  1.510978  1.014286  1.725239  1.573549  1.699682  1.056987  1.457402  1.188182  1.064656  1.580037  1.408383  1.438061  1.715474  
2.103788  1.975238  2.266368  1.714962  2.395657  2.068127  1.776400  1.536110  2.063777  1.847630  2.075756  1.640447  1.533058  1.990052  1.755559  2.069098  1.793781  1.665142  2.429977  1.731527  1.966372  2.130228  1.588914  1.454044  2.304509  2.056498  2.285862  2.286962  2.057825  2.223581  1.854154  1.709780  2.365879  1.978388  2.553570  
-0.887333  -0.855865  -1.059260  -0.641997  -0.969323  -0.864258  -0.557297  -0.919960  -0.593469  -0.564732  -1.100667  -0.308490  -0.624172  -0.578493  -0.720078  -0.379221  -0.866824  -0.684268  -0.877164  -0.510551  -0.431462  -0.934028  -0.739736  -0.031917  -1.019209  -0.922828  -0.933209  -0.375130  -0.933047  -0.870427  -0.343060  -0.648862  -0.684465  -0.909756  -0.697300  
0.525715  0.251091  0.487834  0.512722  0.344148  0.592165  0.090789  0.467066  0.216801  0.198049  0.237608  0.073550  0.407421  0.094298  -0.248672  0.698510  0.399578  0.423081  0.164495  0.022803  0.191616  0.566338  0.588460  0.822636  0.358078  0.732711  0.517894  0.281019  0.269531  0.012375  0.692274  0.336456  0.184916  0.266500  0.400578  
-0.816923  -0.175744  -0.984325  1.209673  -0.718284  -1.002593  0.768639  -0.055904  0.104850  0.913130  0.327016  0.843811  0.354391  0.214510  -0.903379  -0.671643  0.209120  -0.127298  -0.877164  0.896243  -1.114735  -0.808567  0.026909  1.320388  -0.915507  -0.817472  -0.835649  0.250046  -0.256489  -0.476949  0.494396  -0.043799  0.075279  -0.429608  -0.324413  
-0.270802  0.009531  -0.437144  -0.862566  -0.139590  -0.469574  -0.193430  -0.405811  0.592364  -0.455644  -0.497976  0.212436  -0.741832  0.640464  -0.340538  -1.040329  -0.629477  -0.058089  -0.083519  -0.321845  -0.757153  -0.362308  -0.799624  -0.684066  -0.533512  1.311767  -0.738498  1.116081  -0.460235  0.274272  -0.309207  0.573095  0.778986  0.079563  0.276682  
-0.378178  0.052136  0.138138  -0.005634  -0.168118  0.547226  -0.218163  -0.177300  -0.448567  -0.288073  -0.461400  -0.317144  -0.301851  0.067450  -0.560498  0.169450  -0.068061  -0.249650  0.140549  -0.128577  0.007842  -0.051039  -0.132655  0.559933  -0.123972  0.025377  0.005909  0.064205  -0.278550  -0.214631  0.298130  -0.280030  0.162988  -0.389489  -0.185730  
1.173051  1.034794  1.399933  -1.077591  0.634310  1.416312  0.201878  0.656092  0.362548  -0.669671  0.863058  -0.145700  0.661383  -0.465092  1.223772  -0.772312  0.454765  0.668198  -0.877164  -1.108190  0.390539  0.916913  0.302967  -0.934478  1.059685  -0.952183  1.236067  -0.495764  1.225538  1.501366  -1.218400  -0.750453  -0.579294  1.487997  -0.777632  
