0.766666  1.130890  0.215092  -0.904598  -0.205516  0.081634  0.183918  -0.335972  0.586360  0.273222  0.418626  -0.410824  1.447307  -0.040743  -0.151697  1.132080  0.309925  0.865676  0.028814  0.108787  0.219419  1.494622  -0.499965  0.701088  0.070171  0.062735  2.092343  1.174931  -0.939119  -1.304870  0.348710  0.266060  1.423869  -0.169185  
-0.162462  -0.879537  -0.279609  -0.649691  0.684486  0.174962  -0.273883  0.244378  0.598171  -0.412322  0.902426  -0.270502  0.376817  -0.801993  0.681126  -0.150860  -1.531579  -1.393583  1.028350  -0.920227  -1.008357  -0.623498  -0.706393  -0.704486  0.510015  -0.814975  0.090702  0.148146  0.021641  -1.057031  -0.932302  -0.626810  0.208406  0.651181  
0.476376  0.649819  0.667339  -0.901130  -0.027471  1.060479  0.323945  1.370695  -0.295188  -1.019538  -0.085341  -0.654305  -1.548962  -0.155059  -2.149654  -0.543053  -0.831131  -0.213645  0.879668  -0.000152  2.082911  0.105828  0.538123  0.127498  -0.919250  -1.195999  -0.527217  -1.725411  -0.672158  0.467978  0.827666  -0.397401  1.538255  0.205942  
-0.646074  0.428528  0.493720  2.593105  1.813895  -0.634006  -0.478539  -0.085242  0.036661  -0.901587  0.008174  -0.870252  -0.346875  0.711998  -0.689237  -0.958074  0.710137  -0.566025  -0.757132  -0.716776  0.588534  0.680798  -0.407340  -1.306170  -0.516176  0.309683  0.039634  1.236855  -0.457015  -0.634553  -0.746763  0.085158  0.320474  -0.480906  
2.739675  -3.673371  2.483446  3.006103  3.163346  1.735256  0.273272  -1.387044  2.268396  2.623596  -4.100446  1.304696  -0.980635  0.183283  -1.025558  -1.969553  1.292924  -2.825050  1.857056  -0.642818  -0.361702  -1.950909  1.802906  0.421744  2.651955  -0.368825  0.281963  -2.653226  -4.008420  1.397961  3.224639  1.889876  -3.716406  1.685235  
1.290781  -0.132579  -0.312733  2.311603  -0.054114  -0.585019  -0.234798  -0.129161  -0.762337  -0.615160  -0.315709  0.112956  -0.614779  0.500659  1.453283  -0.206710  0.958238  0.531979  1.257091  -0.138918  -0.433296  -0.219350  -0.091399  0.238298  -0.295934  -0.372914  -0.611832  -0.679127  -0.690368  -0.574451  -0.946352  0.803381  0.425359  -0.278835  
0.621316  0.647039  -0.284476  -0.811152  -0.363616  0.127438  -0.907850  -0.389810  -0.476670  0.048643  0.501423  0.498013  -0.339659  0.062713  -0.237618  -0.102373  1.309757  0.127509  -0.328110  -0.259555  0.875086  -1.506235  -1.302264  0.654859  -0.824771  0.422805  -0.943443  1.378032  1.075219  -1.013194  -0.665381  -1.492153  -0.284824  -0.983852  
-0.193486  0.171302  0.320901  -0.157076  -0.541322  0.647786  -0.429892  -0.492585  0.899871  -0.048397  -0.557874  -0.197926  -0.481928  -0.087853  0.229715  0.107717  0.001243  -0.466782  -0.200925  0.378716  -0.470893  -0.064811  0.094149  -0.434624  -0.315182  -0.503669  -0.057547  -0.181821  0.141905  -0.273002  -0.745542  -0.364373  -0.781788  0.572543  
0.281980  -0.612887  -0.222282  1.128594  -0.630633  0.324351  -0.748713  0.353869  0.589349  -0.111759  -0.329150  1.063819  0.621927  -1.010255  -1.435309  -0.633000  -0.185200  -0.243250  -0.479971  -1.864767  0.504991  0.043598  -0.112299  0.443876  -0.017114  0.529395  0.375987  -0.291122  -0.091317  0.016098  -0.029588  0.668940  0.845670  -0.070667  
3.312597  -0.286163  2.149297  0.317818  2.003503  -1.638168  -0.063281  -3.591807  0.017203  4.391744  1.432756  -3.095660  0.986207  -1.435292  -2.851413  -1.593710  0.747657  3.756730  -0.673712  1.272574  -0.693373  2.234457  3.515479  -2.321000  1.280856  -1.465950  -0.309778  3.016062  -2.406878  3.011588  -0.670072  -1.367748  1.289605  -0.591603  
