-0.790612  0.046724  0.220240  1.064131  -0.096919  0.329501  -1.231228  -0.274801  0.903916  0.789567  -0.988762  0.766907  -0.223496  -0.346410  -0.822612  -2.212175  -0.367272  0.609320  -0.308531  -0.072384  -0.401064  -1.200306  1.218720  -0.539734  -0.645544  -0.466917  -1.052636  -0.563917  -1.047794  -1.270067  -0.417396  -1.734139  -0.390438  -1.032616  
1.177245  -2.604570  2.715494  1.034311  1.900276  2.092094  2.256027  1.312302  1.956463  0.240059  0.640220  0.484710  -0.538344  -0.471214  -1.322022  -1.288870  2.706628  -0.782901  -1.847297  -1.900245  0.693845  -1.740035  0.095868  -0.106837  0.348267  1.623817  -0.244477  -0.785650  1.853609  -0.545361  -0.405368  -1.477324  2.105030  -0.411670  
-0.341187  -0.528442  -1.840133  -0.054107  0.818029  1.014370  -0.156513  0.115394  1.052797  -1.696207  0.147946  -0.532685  1.549895  1.032766  0.381332  1.318035  -0.831270  1.926952  0.968091  0.036507  1.471581  -0.137924  -0.187831  -0.346626  0.509159  -2.008019  -0.331745  -0.924036  -0.334043  0.555275  0.462828  0.631421  -0.593915  1.378666  
2.739675  -3.673371  2.483446  3.006103  3.163346  1.735256  0.273272  -1.387044  2.268396  2.623596  -4.100446  1.304696  -0.980635  0.183283  -1.025558  -1.969553  1.292924  -2.825050  1.857056  -0.642818  -0.361702  -1.950909  1.802906  0.421744  2.651955  -0.368825  0.281963  -2.653226  -4.008420  1.397961  3.224639  1.889876  -3.716406  1.685235  
-0.981901  -1.005339  1.569081  0.546527  0.837874  -0.188960  -1.152284  0.889242  0.429874  0.464912  2.055645  -0.255365  -0.821883  -1.267070  0.014026  0.236015  0.301496  -0.515145  1.308484  1.852395  -0.494581  0.688268  0.475866  -0.436221  1.129268  -0.848233  -0.934175  -0.170876  0.819408  -1.191692  -0.694204  -0.365998  0.673871  -0.202030  
1.520501  -0.733506  -4.520342  2.105401  1.486388  -0.737719  1.513256  -1.725336  0.765353  -3.074511  0.916048  -0.412897  0.936949  0.276396  3.677945  -0.164463  3.209497  -1.220319  1.078918  0.943709  -0.609889  -3.084244  1.596284  2.501390  -0.428278  -0.630579  2.665594  -1.223657  2.204535  -0.888541  3.986645  2.214451  1.974943  -0.437570  
-2.748094  0.420643  -3.134190  3.295199  -0.813998  -1.608224  -1.137829  -0.081663  -1.236240  0.934007  3.910143  0.830581  2.225164  -0.698737  5.460032  3.156777  2.065464  -1.270442  -1.473265  3.296695  -0.720519  -1.090225  -2.390034  -0.637112  3.987642  -0.869859  0.699869  1.454277  1.486257  3.180322  -0.116184  -1.372759  1.933849  1.481317  
0.583091  2.288130  1.766320  2.023883  -3.005247  1.488866  0.691013  2.342944  4.640127  2.067269  4.297839  0.419777  1.386896  3.219386  2.751955  0.313605  -0.226105  2.201308  -2.945989  1.401492  -0.839565  2.071072  2.302744  -1.892428  -0.696914  -1.310704  -1.510924  -0.107643  -0.073338  -0.442101  0.674060  4.789200  -0.494291  -0.868597  
-3.490242  3.277249  -2.703138  -0.964702  2.162630  0.103776  0.924924  2.139903  3.221464  -0.190326  -1.125989  0.324327  0.434406  1.593310  -0.814939  -0.632811  0.163801  2.097155  2.857954  3.465510  3.315095  0.272348  0.713099  2.091287  0.052032  -2.989435  0.420813  -2.845671  -1.162813  -5.506127  3.109459  0.679505  4.344231  -0.524843  
-1.203383  3.354700  2.475056  0.614937  1.536879  0.228437  -1.025690  0.910783  2.052183  1.572194  -0.215750  0.858353  3.446046  4.808664  2.775654  0.292938  -0.923586  1.292991  -0.750361  3.318044  1.900086  0.743318  -1.852226  1.741835  3.266342  0.284542  -1.424132  -0.134438  2.890134  1.870431  1.095238  -0.620497  2.240014  2.376590  
